Dates	Day of the Week, M=1	Weekday	Count	Net Changes
41730	2	TRUE	2	-25.66
41731	3	TRUE	1	-5.17
41732	4	TRUE	4	-39.99
41733	5	TRUE	3	-69.56
41734	6	FALSE	6	-75.43
41735	7	FALSE	5	-46.33
41736	1	TRUE	6	-62.99
41737	2	TRUE	3	-51.63
41738	3	TRUE	6	-68.37
41739	4	TRUE	3	-25.4
41740	5	TRUE	7	-108.781
41741	6	FALSE	9	-96.42
41742	7	FALSE	3	-72.46
41743	1	TRUE	2	-15.17
41744	2	TRUE	1	-8.85
41745	3	TRUE	2	-26.91
41746	4	TRUE	2	-21.08
41747	5	TRUE	6	-179
41748	6	FALSE	2	-115
41749	7	FALSE	5	-141.33
41750	1	TRUE	2	-40.12
41751	2	TRUE	4	-31.15
41752	3	TRUE	4	-38.58
41753	4	TRUE	2	-13.23
41754	5	TRUE	4	-111.65
41755	6	FALSE	3	-110.46
41756	7	FALSE	5	-109.72
41757	1	TRUE	4	-77.16
41758	2	TRUE	4	-23.01
41759	3	TRUE	2	-10.66
41760	4	TRUE	4	-77.39
41761	5	TRUE	3	-26.88
41762	6	FALSE	8	-153.02
41763	7	FALSE	3	-45.72
41764	1	TRUE	3	-31.15
41765	2	TRUE	1	-5.17
41766	3	TRUE	5	-87.73
41767	4	TRUE	4	-67.11
41768	5	TRUE	4	-47.76
41769	6	FALSE	6	-141.54
41770	7	FALSE	6	-174.99
41771	1	TRUE	2	-29.54
41772	2	TRUE	2	-43.17
41773	3	TRUE	5	-25.98
41774	4	TRUE	8	-157.71
41775	5	TRUE	5	-99.3
41776	6	FALSE	4	-70.45
41777	7	FALSE	3	-107.43
41778	1	TRUE	3	-90.53
41779	2	TRUE	3	-61.06
41780	3	TRUE	5	-38.92
41781	4	TRUE	2	-10
41782	5	TRUE	6	-157.7
41783	6	FALSE	8	-258.49
41784	7	FALSE	3	-60.57
41785	1	TRUE	4	-87.56
41786	2	TRUE	7	-73.97
41787	3	TRUE	1	-12.99
41788	4	TRUE	6	-62.73
41789	5	TRUE	4	-110.24
41790	6	FALSE	1	0
41791	7	FALSE	1	-77.8
41792	1	TRUE	1	-50.56
41793	2	TRUE	1	0
41794	3	TRUE	1	0
41795	4	TRUE	1	0
41796	5	TRUE	1	0
41797	6	FALSE	1	-12.99
41798	7	FALSE	5	-52.01
41799	1	TRUE	6	-329.9
41800	2	TRUE	1	-4.75
41801	3	TRUE	4	-55.67
41802	4	TRUE	5	-221.75
41803	5	TRUE	5	-43.68
41804	6	FALSE	6	-264.93
41805	7	FALSE	5	-152.89
41806	1	TRUE	5	-337.6
41807	2	TRUE	3	-21.2
41808	3	TRUE	1	-6.47
41809	4	TRUE	2	-95.95
41810	5	TRUE	6	-149.59
41811	6	FALSE	3	-57.05
41812	7	FALSE	6	-106.64
41813	1	TRUE	1	-5.17
41814	2	TRUE	4	-77.58
41815	3	TRUE	3	-14.95
41816	4	TRUE	3	-78.46
41817	5	TRUE	2	-127
41818	6	FALSE	8	-133.62
41819	7	FALSE	5	-54.94
41820	1	TRUE	2	-13.92
41821	2	TRUE	2	-42.66
41822	3	TRUE	3	-25.32
41823	4	TRUE	8	-174.13
41824	5	TRUE	7	-298.03
41825	6	FALSE	3	-53.61
41826	7	FALSE	7	-134.02
41827	1	TRUE	2	-73.88
41828	2	TRUE	4	-43.98
41829	3	TRUE	2	-8.82
41830	4	TRUE	4	-93.44
41831	5	TRUE	3	-100.68
41832	6	FALSE	6	-193.69
41833	7	FALSE	6	-131.31
41834	1	TRUE	5	-80.61
41835	2	TRUE	1	0
41836	3	TRUE	3	-18.33
41837	4	TRUE	3	-96.99
41838	5	TRUE	5	-89.11
41839	6	FALSE	8	-196.68
41840	7	FALSE	5	-191.9
41841	1	TRUE	4	7.44
41842	2	TRUE	4	-287.21
41843	3	TRUE	5	-178.32
41844	4	TRUE	3	-40.37
41845	5	TRUE	5	-68.25
41846	6	FALSE	7	-174.55
41847	7	FALSE	5	-35.99
41848	1	TRUE	2	-51.99
41849	2	TRUE	2	-9.66
41850	3	TRUE	4	-29.46
41851	4	TRUE	4	-65.98
41852	5	TRUE	4	-78.82
41853	6	FALSE	7	-235.88
41854	7	FALSE	9	-252.28
41855	1	TRUE	3	-21.4
41856	2	TRUE	5	277.47
41857	3	TRUE	4	-68.83
41858	4	TRUE	3	-30.09
41859	5	TRUE	3	-47.49
41860	6	FALSE	3	-131.28
41861	7	FALSE	1	-32.85
41862	1	TRUE	1	-5.17
41863	2	TRUE	5	-33.42
41864	3	TRUE	2	-18.47
41865	4	TRUE	2	-51.66
41866	5	TRUE	7	-102.5
41867	6	FALSE	5	-78.79
41868	7	FALSE	5	-68.29
41869	1	TRUE	5	-87.4
41870	2	TRUE	6	-57.2
41871	3	TRUE	5	-102.52
41872	4	TRUE	4	-36.7
41873	5	TRUE	3	-36.14
41874	6	FALSE	3	-38.75
41875	7	FALSE	10	-162.59
41876	1	TRUE	7	-246.01
41877	2	TRUE	6	-57.87
41878	3	TRUE	5	-48.71
41879	4	TRUE	6	-82.52
41880	5	TRUE	2	-52.28
41881	6	FALSE	3	-173.37
41882	7	FALSE	4	-106.37
41883	1	TRUE	5	-126.55
41884	2	TRUE	4	-59.09
41885	3	TRUE	3	-64.5
41886	4	TRUE	4	-57.97
41887	5	TRUE	10	-179.33
41888	6	FALSE	3	-107.95
41889	7	FALSE	3	-49.33
41890	1	TRUE	6	-104.91
41891	2	TRUE	2	-35.67
41892	3	TRUE	6	-108.71
41893	4	TRUE	3	-22.12
41894	5	TRUE	1	0
41895	6	FALSE	5	-117.02
41896	7	FALSE	3	-48.28
41897	1	TRUE	2	-26.54
41898	2	TRUE	2	-20.47
41899	3	TRUE	1	-2.49
41900	4	TRUE	1	-5.17
41901	5	TRUE	2	-51.8
41902	6	FALSE	2	-49.99
41903	7	FALSE	1	0
41904	1	TRUE	3	-65.34
41905	2	TRUE	2	-46.25
41906	3	TRUE	3	-26.69
41907	4	TRUE	6	-72.94
41908	5	TRUE	3	-28.76
41909	6	FALSE	2	-53
41910	7	FALSE	4	-132.37
41911	1	TRUE	4	-30.22
41912	2	TRUE	4	-86.85
41913	3	TRUE	3	-23.44
41914	4	TRUE	1	-5.17
41915	5	TRUE	4	-119.92
41916	6	FALSE	3	-56.53
41917	7	FALSE	2	-14.55
41918	1	TRUE	6	-166.32
41919	2	TRUE	6	-66.08
41920	3	TRUE	6	-404.66
41921	4	TRUE	4	-274.34
41922	5	TRUE	7	-52.03
41923	6	FALSE	7	-312.97
41924	7	FALSE	5	-135.2
41925	1	TRUE	3	-47.41
41926	2	TRUE	4	-46.97
41927	3	TRUE	6	-266.8
41928	4	TRUE	3	-20.35
41929	5	TRUE	6	-128.18
41930	6	FALSE	3	-92.23
41931	7	FALSE	8	-203.88
41932	1	TRUE	2	-60
41933	2	TRUE	2	-27.41
41934	3	TRUE	1	-6.8
41935	4	TRUE	2	-35.25
41936	5	TRUE	3	-75.73
41937	6	FALSE	3	-53.08
41938	7	FALSE	4	-308.06
41939	1	TRUE	2	-38.03
41940	2	TRUE	1	-6.69
41941	3	TRUE	6	-174.09
41942	4	TRUE	3	-29.09
41943	5	TRUE	5	-148.84
41944	6	FALSE	8	-153
41945	7	FALSE	5	-175.53
41946	1	TRUE	5	-48.28
41947	2	TRUE	3	-130.39
41948	3	TRUE	2	-29.36
41949	4	TRUE	1	0
41950	5	TRUE	1	-9.99
41951	6	FALSE	4	-91.64
41952	7	FALSE	2	-53.05
41953	1	TRUE	3	-32.51
41954	2	TRUE	3	-21.4
41955	3	TRUE	3	-50.67
41956	4	TRUE	5	-174.47
41957	5	TRUE	5	-276.08
41958	6	FALSE	5	-83.29
41959	7	FALSE	4	-128.6
41960	1	TRUE	3	-64.13
41961	2	TRUE	2	-16.74
41962	3	TRUE	3	-72.69
41963	4	TRUE	1	-6.69
41964	5	TRUE	3	-45.41
41965	6	FALSE	8	-122.31
41966	7	FALSE	7	-216.77
41967	1	TRUE	2	-36.78
41968	2	TRUE	3	-36.03
41969	3	TRUE	4	-30.71
41970	4	TRUE	1	-33.24
41971	5	TRUE	4	-111.42
41972	6	FALSE	5	-65.54
41973	7	FALSE	2	-68.91
41974	1	TRUE	2	-15.25
41975	2	TRUE	6	-69.02
41976	3	TRUE	1	0
41977	4	TRUE	3	-48.77
41978	5	TRUE	2	-28.56
41979	6	FALSE	5	-143.11
41980	7	FALSE	7	-101.06
41981	1	TRUE	4	-49.38
41982	2	TRUE	2	-16.7
41983	3	TRUE	1	-199.96
41984	4	TRUE	3	-30.82
41985	5	TRUE	7	-131.13
41986	6	FALSE	6	-116.63
41987	7	FALSE	4	-82.31
41988	1	TRUE	2	-47.04
41989	2	TRUE	3	-53.49
41990	3	TRUE	5	-82.79
41991	4	TRUE	3	-95.19
41992	5	TRUE	3	-43.31
41993	6	FALSE	5	-251
41994	7	FALSE	3	-35
41995	1	TRUE	2	-46.21
41996	2	TRUE	8	-50.83
41997	3	TRUE	2	-131.59
41998	4	TRUE	1	0
41999	5	TRUE	2	-106.95
42000	6	FALSE	4	-144.41
42001	7	FALSE	5	-101.85
42002	1	TRUE	3	-38.56
42003	2	TRUE	3	-57.06
42004	3	TRUE	3	-40
42005	4	TRUE	7	-144
42006	5	TRUE	3	-81.07
42007	6	FALSE	7	-151.43
42008	7	FALSE	7	-137.46
42009	1	TRUE	2	-42.1
42010	2	TRUE	3	-37.89
42011	3	TRUE	8	-243.48
42012	4	TRUE	3	-47.38
42013	5	TRUE	3	-16.51
42014	6	FALSE	2	-72.67
42015	7	FALSE	4	-51.1
42016	1	TRUE	2	-16.19
42017	2	TRUE	1	-6.62
42018	3	TRUE	3	-16.53
42019	4	TRUE	2	-17.9
42020	5	TRUE	1	0
42021	6	FALSE	4	-70.25
42022	7	FALSE	7	-173.81
42023	1	TRUE	1	0
42024	2	TRUE	1	-7.06
42025	3	TRUE	2	-31.62
42026	4	TRUE	2	-62.32
42027	5	TRUE	2	-28.48
42028	6	FALSE	3	-106.7
42029	7	FALSE	7	-92.46
42030	1	TRUE	1	0
42031	2	TRUE	2	-8.89
42032	3	TRUE	2	-83.25
42033	4	TRUE	2	-18.48
42034	5	TRUE	4	-81.8
42035	6	FALSE	7	-237.91
42036	7	FALSE	7	-194.57
42037	1	TRUE	2	-18.1
42038	2	TRUE	4	-59.3
42039	3	TRUE	1	-7.75
42040	4	TRUE	1	-9.14
42041	5	TRUE	6	-162.03
42042	6	FALSE	7	-121.95
42043	7	FALSE	7	-205.07
42044	1	TRUE	6	-107.63
42045	2	TRUE	4	-72.3
42046	3	TRUE	2	-66.48
42047	4	TRUE	8	-62.16
42048	5	TRUE	10	-138.95
42049	6	FALSE	5	-43.43
42050	7	FALSE	3	-71.64
42051	1	TRUE	7	-163.25
42052	2	TRUE	2	-53
42053	3	TRUE	2	-10.75
42054	4	TRUE	3	-68.8
42055	5	TRUE	3	-58.75
42056	6	FALSE	13	-310.35
42057	7	FALSE	5	-128.05
42058	1	TRUE	1	-5.49
42059	2	TRUE	4	-209.46
42060	3	TRUE	1	-6.19
42061	4	TRUE	3	-26.33
42062	5	TRUE	6	-146.54
42063	6	FALSE	5	-127.59
42064	7	FALSE	8	-160.54
42065	1	TRUE	3	-44.39
42066	2	TRUE	2	-23.18
42067	3	TRUE	2	-50.65
42068	4	TRUE	8	-206.77
42069	5	TRUE	3	-51.43
42070	6	FALSE	1	-13.05
42071	7	FALSE	6	-370.65
42072	1	TRUE	6	-57.38
42073	2	TRUE	1	-6.36
42074	3	TRUE	4	-58.85
42075	4	TRUE	2	-17.41
42076	5	TRUE	2	-112
42077	6	FALSE	6	-90.54
42078	7	FALSE	5	-74.42
42079	1	TRUE	3	-66.51
42080	2	TRUE	3	-36.33
42081	3	TRUE	4	-36
42082	4	TRUE	7	-96.24
42083	5	TRUE	4	-327.26
42084	6	FALSE	6	-209.38
42085	7	FALSE	4	-77.89
42086	1	TRUE	2	-64.47
42087	2	TRUE	2	-23.88
42088	3	TRUE	2	-17.41
42089	4	TRUE	2	-158.7
42090	5	TRUE	2	-32.25
42091	6	FALSE	5	-118.65
42092	7	FALSE	7	-145.24
42093	1	TRUE	2	-19.97
42094	2	TRUE	4	-29.67
42095	3	TRUE	9	-211.97
42096	4	TRUE	1	-4.89
42097	5	TRUE	3	-30.24
42098	6	FALSE	2	-35.45
42099	7	FALSE	6	-100.21
42100	1	TRUE	2	-36.97
42101	2	TRUE	3	-91.81
42102	3	TRUE	4	-57.27
42103	4	TRUE	1	-5.82
42104	5	TRUE	5	-30.94
42105	6	FALSE	8	-155.3
42106	7	FALSE	4	-166.83
42107	1	TRUE	4	-62.3
42108	2	TRUE	1	-5.82
42109	3	TRUE	1	-10
42110	4	TRUE	2	-24.28
42111	5	TRUE	4	-56.62
42112	6	FALSE	7	-680.45
42113	7	FALSE	9	-245.45
42114	1	TRUE	1	-5.82
42115	2	TRUE	5	-64.44
42116	3	TRUE	2	-12.5
42117	4	TRUE	2	-21.36
42118	5	TRUE	2	-76.97
42119	6	FALSE	2	-102.08
42120	7	FALSE	8	-94.61
42121	1	TRUE	2	-12.6
42122	2	TRUE	7	-162.53
42123	3	TRUE	3	-62
42124	4	TRUE	5	-92.23
42125	5	TRUE	9	-167.95
42126	6	FALSE	1	-16.92
42127	7	FALSE	4	-74.81
42128	1	TRUE	1	-5.82
42129	2	TRUE	3	-24.62
42130	3	TRUE	4	-66.55
42131	4	TRUE	4	-51.81
42132	5	TRUE	2	-18.42
42133	6	FALSE	10	-305.79
42134	7	FALSE	7	-86.82
42135	1	TRUE	1	0
42136	2	TRUE	2	-113.53
42137	3	TRUE	3	-128.15
42138	4	TRUE	3	-54.67
42139	5	TRUE	3	-32.81
42140	6	FALSE	2	-45.8
42141	7	FALSE	4	-94.61
42142	1	TRUE	3	-142.4
42143	2	TRUE	1	-5.82
42144	3	TRUE	6	-65.74
42145	4	TRUE	3	-53.47
42146	5	TRUE	4	-82.16
42147	6	FALSE	6	-172.37
42148	7	FALSE	7	-117.89
42149	1	TRUE	3	-42.93
42150	2	TRUE	1	-5.82
42151	3	TRUE	1	-5.82
42152	4	TRUE	2	-18.81
42153	5	TRUE	6	-163.73
42154	6	FALSE	13	-337.65
42155	7	FALSE	14	-467.97
42156	1	TRUE	4	-101.19
42157	2	TRUE	9	-186.33
42158	3	TRUE	4	-11.16
42159	4	TRUE	6	-61.79
42160	5	TRUE	10	-99.18
42161	6	FALSE	1	0
42162	7	FALSE	2	-65.83
42163	1	TRUE	2	-19.27
42164	2	TRUE	4	-145.43
42165	3	TRUE	3	-59.31
42166	4	TRUE	1	0
42167	5	TRUE	1	0
42168	6	FALSE	2	-80.34
42169	7	FALSE	2	-6.09
42170	1	TRUE	5	-138.01
42171	2	TRUE	2	0
42172	3	TRUE	2	-41
42173	4	TRUE	2	-34.65
42174	5	TRUE	2	-22.88
42175	6	FALSE	3	-106.62
42176	7	FALSE	5	-80.71
42177	1	TRUE	1	-20
42178	2	TRUE	2	-18.89
42179	3	TRUE	9	-321.47
42180	4	TRUE	1	-9.95
42181	5	TRUE	4	-49.12
42182	6	FALSE	4	-99.06
42183	7	FALSE	2	-18.99
42184	1	TRUE	2	-18.43
42185	2	TRUE	2	-15.82
42186	3	TRUE	4	-99.72
42187	4	TRUE	3	-29.69
42188	5	TRUE	5	-89.2
42189	6	FALSE	5	-238.1
42190	7	FALSE	4	-42.52
42191	1	TRUE	1	-5.82
42192	2	TRUE	4	-46.8
42193	3	TRUE	3	-56.49
42194	4	TRUE	2	-27.25
42195	5	TRUE	4	-78.89
42196	6	FALSE	5	-250.12
42197	7	FALSE	4	-63.55
42198	1	TRUE	2	9.18
42199	2	TRUE	3	-36.72
42200	3	TRUE	2	-75.59
42201	4	TRUE	3	-17.29
42202	5	TRUE	5	-57.5
42203	6	FALSE	4	-163.1
42204	7	FALSE	6	-217.25
42205	1	TRUE	2	-14.97
42206	2	TRUE	4	-132.85
42207	3	TRUE	5	-97.34
42208	4	TRUE	7	-60.58
42209	5	TRUE	3	-13.39
42210	6	FALSE	6	-85.01
42211	7	FALSE	5	-94.09
42212	1	TRUE	2	-10.82
42213	2	TRUE	4	-30.11
42214	3	TRUE	4	-380.85
42215	4	TRUE	3	-27.32
42216	5	TRUE	4	-90.19
42217	6	FALSE	2	-18.9
42218	7	FALSE	5	-190.66
42219	1	TRUE	2	-29.78
42220	2	TRUE	5	-109
42221	3	TRUE	3	-70.44
42222	4	TRUE	1	-12.99
42223	5	TRUE	7	-99.62
42224	6	FALSE	1	-22.12
42225	7	FALSE	3	-47.14
42226	1	TRUE	5	-118.98
42227	2	TRUE	1	-5.82
42228	3	TRUE	2	-30.74
42229	4	TRUE	3	-183.66
42230	5	TRUE	4	-143.23
42231	6	FALSE	4	-99.92
42232	7	FALSE	5	-80.02
42233	1	TRUE	4	-74.22
42234	2	TRUE	5	-114.07
42235	3	TRUE	1	-5.82
42236	4	TRUE	3	-55.7
42237	5	TRUE	3	-34.77
42238	6	FALSE	4	-287.81
42239	7	FALSE	8	-154.19
42240	1	TRUE	3	-54.5
42241	2	TRUE	3	-33.31
42242	3	TRUE	3	-16.16
42243	4	TRUE	2	-8.82
42244	5	TRUE	4	-29.71
42245	6	FALSE	9	-216.28
42246	7	FALSE	8	-503.13
42247	1	TRUE	6	-127.7
42248	2	TRUE	2	-19.06
42249	3	TRUE	3	-70.05
42250	4	TRUE	1	0
42251	5	TRUE	5	-66.3
42252	6	FALSE	2	-60.75
42253	7	FALSE	9	-453.86
42254	1	TRUE	2	-29.99
42255	2	TRUE	4	-165.81
42256	3	TRUE	1	-5.82
42257	4	TRUE	8	40.36
42258	5	TRUE	8	-195.26
42259	6	FALSE	6	-143.06
42260	7	FALSE	7	-106.39
42261	1	TRUE	4	-240.51
42262	2	TRUE	3	-66.82
42263	3	TRUE	6	-97.85
42264	4	TRUE	3	-31.82
42265	5	TRUE	2	-27.5
42266	6	FALSE	2	-75.68
42267	7	FALSE	7	-148.34
42268	1	TRUE	2	-42.57
42269	2	TRUE	2	-15.72
42270	3	TRUE	5	-53.04
42271	4	TRUE	4	-37.32
42272	5	TRUE	3	-35.17
42273	6	FALSE	3	-135.68
42274	7	FALSE	5	-109.61
42275	1	TRUE	2	-40.38
42276	2	TRUE	3	-50.26
42277	3	TRUE	4	-93.22
42278	4	TRUE	4	-86.82
42279	5	TRUE	3	-33.48
42280	6	FALSE	3	-70.48
42281	7	FALSE	2	-112.59
42282	1	TRUE	5	-60.42
42283	2	TRUE	4	-61.47
42284	3	TRUE	5	-64.07
42285	4	TRUE	6	-46.7
42286	5	TRUE	6	-59.86
42287	6	FALSE	2	-100.26
42288	7	FALSE	5	-39.82
42289	1	TRUE	2	-26.31
42290	2	TRUE	4	-31.12
42291	3	TRUE	8	-86.01
42292	4	TRUE	5	-84.4
42293	5	TRUE	9	-117.28
42294	6	FALSE	4	-25.02
42295	7	FALSE	7	-130.82
42296	1	TRUE	7	-275.29
42297	2	TRUE	3	-48.4
42298	3	TRUE	7	35.67
42299	4	TRUE	2	-20.82
42300	5	TRUE	7	-103.38
42301	6	FALSE	2	-46.3
42302	7	FALSE	4	-65.26
42303	1	TRUE	2	-25.82
42304	2	TRUE	1	-5.82
42305	3	TRUE	2	-15.82
42306	4	TRUE	4	-42.36
42307	5	TRUE	7	-99.05
42308	6	FALSE	6	-202.63
42309	7	FALSE	4	-59.5
42310	1	TRUE	1	-6.09
42311	2	TRUE	2	-13.48
42312	3	TRUE	7	-54.63
42313	4	TRUE	5	-70.69
42314	5	TRUE	6	-46.42
42315	6	FALSE	5	-95.83
42316	7	FALSE	5	-163.1
42317	1	TRUE	5	-62.49
42318	2	TRUE	7	-108.9
42319	3	TRUE	10	-134.63
42320	4	TRUE	4	-47.18
42321	5	TRUE	1	-114.46
42322	6	FALSE	5	-151.35
42323	7	FALSE	4	-30.19
42324	1	TRUE	2	-28.64
42325	2	TRUE	1	-52.62
42326	3	TRUE	7	-186.7
42327	4	TRUE	3	-31.08
42328	5	TRUE	4	-11.08
42329	6	FALSE	6	-26.77
42330	7	FALSE	5	-94.9
42331	1	TRUE	6	-125.59
42332	2	TRUE	3	-42.93
42333	3	TRUE	7	-142.29
42334	4	TRUE	2	-25.99
42335	5	TRUE	1	-65.41
42336	6	FALSE	7	-133.23
42337	7	FALSE	7	-179.05
42338	1	TRUE	5	-83.27
42339	2	TRUE	4	-28.49
42340	3	TRUE	6	-99.31
42341	4	TRUE	2	-14.43
42342	5	TRUE	4	-87.07
42343	6	FALSE	1	-100.32
42344	7	FALSE	3	-48.55
42345	1	TRUE	5	-87.38
42346	2	TRUE	1	0
42347	3	TRUE	5	-106.08
42348	4	TRUE	2	-81.32
42349	5	TRUE	8	-155.47
42350	6	FALSE	10	-130.12
42351	7	FALSE	12	-175.4
42352	1	TRUE	5	-100.08
42353	2	TRUE	3	-36.73
42354	3	TRUE	1	0
42355	4	TRUE	1	0
42356	5	TRUE	1	0
42357	6	FALSE	1	0
42358	7	FALSE	1	0
42359	1	TRUE	1	0
42360	2	TRUE	3	-75.15
42361	3	TRUE	1	0
42362	4	TRUE	1	0
42363	5	TRUE	1	0
42364	6	FALSE	1	0
42365	7	FALSE	2	-75.37
42366	1	TRUE	3	-75.05
42367	2	TRUE	1	-12.99
42368	3	TRUE	6	-242.44
42369	4	TRUE	6	-349.2
42370	5	TRUE	3	-26.07
42371	6	FALSE	3	-117.63
42372	7	FALSE	8	-196.97
42373	1	TRUE	4	-77.75
42374	2	TRUE	5	-82.39
42375	3	TRUE	3	127.35
42376	4	TRUE	4	-76.98
42377	5	TRUE	3	-58.14
42378	6	FALSE	4	-200.77
42379	7	FALSE	6	-181.78
42380	1	TRUE	2	-159.29
42381	2	TRUE	1	-1.76
42382	3	TRUE	7	-135.22
42383	4	TRUE	1	-27.56
42384	5	TRUE	2	-13.3
42385	6	FALSE	4	-104.78
42386	7	FALSE	2	-26.29
42387	1	TRUE	2	-74.52
42388	2	TRUE	5	-239.15
42389	3	TRUE	1	-8.95
42390	4	TRUE	2	-33.03
42391	5	TRUE	7	-239.38
42392	6	FALSE	4	120.7
42393	7	FALSE	3	-49.76
42394	1	TRUE	6	-106.71
42395	2	TRUE	2	-6.61
42396	3	TRUE	2	-79.27
42397	4	TRUE	1	0
42398	5	TRUE	5	-196.03
42399	6	FALSE	6	-262.22
42400	7	FALSE	5	-90.97
42401	1	TRUE	4	-35.37
42402	2	TRUE	2	-7
42403	3	TRUE	1	0
42404	4	TRUE	1	-5
42405	5	TRUE	5	-134.91
42406	6	FALSE	6	-174.18
42407	7	FALSE	2	-58.98
42408	1	TRUE	1	-9.99
42409	2	TRUE	3	-24.44
42410	3	TRUE	3	-28.54
42411	4	TRUE	4	-36.02
42412	5	TRUE	4	-93.68
42413	6	FALSE	4	-101.64
42414	7	FALSE	3	-55.95
42415	1	TRUE	3	-41.35
42416	2	TRUE	1	0
42417	3	TRUE	1	-20
42418	4	TRUE	2	-20.93
42419	5	TRUE	4	-98.87
42420	6	FALSE	5	-92.25
42421	7	FALSE	7	-216.85
42422	1	TRUE	1	-6.74
42423	2	TRUE	2	-70.45
42424	3	TRUE	3	-144.25
42425	4	TRUE	2	-39.75
42426	5	TRUE	3	-51.58
42427	6	FALSE	4	-114.53
42428	7	FALSE	2	-115.74
42429	1	TRUE	1	0
42430	2	TRUE	6	-199.84
42431	3	TRUE	4	-128.87
42432	4	TRUE	3	-46.57
42433	5	TRUE	5	-55.81
42434	6	FALSE	5	-85.48
42435	7	FALSE	3	-77.35
42436	1	TRUE	4	-32.59
42437	2	TRUE	2	-27
42438	3	TRUE	7	-68.01
42439	4	TRUE	5	-91.14
42440	5	TRUE	6	-96.21
42441	6	FALSE	4	-213.49
42442	7	FALSE	2	-69.13
42443	1	TRUE	3	-90.34
42444	2	TRUE	8	-149.96
42445	3	TRUE	8	-230.87
42446	4	TRUE	8	-129.87
42447	5	TRUE	7	-262.6
42448	6	FALSE	4	-99.31
42449	7	FALSE	8	-126.05
42450	1	TRUE	9	-105.51
42451	2	TRUE	6	-172.71
42452	3	TRUE	1	0
42453	4	TRUE	2	-57
42454	5	TRUE	1	0
42455	6	FALSE	6	-106.83
42456	7	FALSE	4	-91.49
42457	1	TRUE	2	-100.99
42458	2	TRUE	2	-28
42459	3	TRUE	4	-93.52
42460	4	TRUE	2	-10.75
42461	5	TRUE	3	6.54
42462	6	FALSE	2	-43.26
42463	7	FALSE	5	-150.61
42465	2	TRUE	2	-46.69
42466	3	TRUE	1	0
42467	4	TRUE	6	-115.44
42468	5	TRUE	3	-47.47
42469	6	FALSE	6	-328.14
42470	7	FALSE	5	-183.35
42471	1	TRUE	3	-23.14
42472	2	TRUE	4	-90.1
42473	3	TRUE	4	-60.83
42474	4	TRUE	1	-8.25
42475	5	TRUE	2	-55
42476	6	FALSE	4	-108.92
42477	7	FALSE	4	-164.08
42478	1	TRUE	1	-38.29
42479	2	TRUE	3	-90.85
42480	3	TRUE	3	-75.12
42481	4	TRUE	2	-59.34
42482	5	TRUE	3	-203.14
42483	6	FALSE	4	-172.03
42484	7	FALSE	5	-46.23
42485	1	TRUE	1	0
42486	2	TRUE	2	-30.29
42487	3	TRUE	3	-61.5
42488	4	TRUE	3	-58.78
42489	5	TRUE	5	-45.96
42490	6	FALSE	3	-24
42491	7	FALSE	3	-46.68
42492	1	TRUE	6	-50.78
42493	2	TRUE	4	-120.38
42494	3	TRUE	1	-7.15
42495	4	TRUE	3	82.01
42496	5	TRUE	6	-119.53
42497	6	FALSE	6	-224.34
42498	7	FALSE	4	-196.47
42499	1	TRUE	5	-188.42
42500	2	TRUE	3	-69
42501	3	TRUE	1	-26.5
42502	4	TRUE	1	-7.15
42503	5	TRUE	4	-298.28
42504	6	FALSE	5	-86.47
42505	7	FALSE	8	-165.33
42506	1	TRUE	4	-106.52
42507	2	TRUE	7	-261.36
42508	3	TRUE	4	-73.85
42509	4	TRUE	6	-110.29
42510	5	TRUE	12	-139.7
42511	6	FALSE	5	-96.97
42512	7	FALSE	14	-675.39
42513	1	TRUE	1	-9
42514	2	TRUE	1	0
42515	3	TRUE	1	-137.09
42516	4	TRUE	1	-8
42517	5	TRUE	4	-51.77
42518	6	FALSE	11	-289.26
42519	7	FALSE	4	-151
42520	1	TRUE	9	-87.52
42521	2	TRUE	6	-171.45
42522	3	TRUE	5	-53.48
42523	4	TRUE	4	-78.72
42524	5	TRUE	5	-115.67
42525	6	FALSE	4	-50.13
42526	7	FALSE	5	-49.28
42527	1	TRUE	6	-456.48
42528	2	TRUE	5	-44.46
42529	3	TRUE	2	-12.4
42530	4	TRUE	2	-19.34
42531	5	TRUE	1	0
42532	6	FALSE	13	-338.16
42533	7	FALSE	5	-133.17
42534	1	TRUE	1	-5
42535	2	TRUE	3	-50.15
42536	3	TRUE	1	-3.01
42537	4	TRUE	3	-18.02
42538	5	TRUE	2	-72.52
42539	6	FALSE	10	-92.77
42540	7	FALSE	2	-83.96
42541	1	TRUE	2	-333.38
42542	2	TRUE	4	-239.93
42543	3	TRUE	1	0
42544	4	TRUE	1	-16
42545	5	TRUE	5	-92.99
42546	6	FALSE	1	-102.73
42547	7	FALSE	3	-86.4
42548	1	TRUE	4	-5.4
42549	2	TRUE	1	-11.76
42550	3	TRUE	6	-73.32
42551	4	TRUE	8	-68.58
42552	5	TRUE	3	-103.22
42553	6	FALSE	5	-142.34
42554	7	FALSE	5	-223.65
42555	1	TRUE	1	0
42556	2	TRUE	2	-5.73
42557	3	TRUE	2	-35.53
42558	4	TRUE	2	-32.42
42559	5	TRUE	7	-281.89
42560	6	FALSE	3	-141.07
42561	7	FALSE	1	-73.49
42562	1	TRUE	4	-26.5
42563	2	TRUE	2	-45.43
42564	3	TRUE	1	0
42565	4	TRUE	4	-25.14
42566	5	TRUE	2	94.66
42567	6	FALSE	23	-312.37
42568	7	FALSE	8	-120.98
42569	1	TRUE	2	-42.9
42570	2	TRUE	2	-5.97
42571	3	TRUE	1	0
42572	4	TRUE	3	-45.92
42573	5	TRUE	3	-113
42574	6	FALSE	9	-211.23
42575	7	FALSE	5	-150.4
42576	1	TRUE	3	-37.61
42577	2	TRUE	4	-16.91
42578	3	TRUE	3	-22.71
42579	4	TRUE	8	-167.87
42580	5	TRUE	5	-78.65
42581	6	FALSE	7	-94.8
42582	7	FALSE	6	-94.27
42583	1	TRUE	3	-25.67
42584	2	TRUE	1	0
42585	3	TRUE	1	0
42586	4	TRUE	3	-34.02
42587	5	TRUE	4	-55.45
42588	6	FALSE	4	-195.99
42589	7	FALSE	5	-117.79
42590	1	TRUE	6	-101.98
42591	2	TRUE	3	-9.51
42592	3	TRUE	3	-7.16
42593	4	TRUE	5	-131.09
42594	5	TRUE	6	-140.22
42595	6	FALSE	7	-114.16
42596	7	FALSE	12	-239.52
42597	1	TRUE	4	-95.82
42598	2	TRUE	2	-34.18
42599	3	TRUE	4	-164.47
42600	4	TRUE	7	-62.86
42601	5	TRUE	1	-15.39
42602	6	FALSE	5	-81.23
42603	7	FALSE	4	-33.1
42604	1	TRUE	6	-146.63
42605	2	TRUE	1	-38.13
42606	3	TRUE	1	-102.65
42607	4	TRUE	1	-8.03
42608	5	TRUE	1	-95
42609	6	FALSE	6	-228.69
42610	7	FALSE	6	-160.95
42611	1	TRUE	7	-65.64
42612	2	TRUE	5	-162.13
42613	3	TRUE	5	-88.29
42614	4	TRUE	6	-104.5
42615	5	TRUE	7	-112.94
42616	6	FALSE	5	-256.19
42617	7	FALSE	3	-72.99
42618	1	TRUE	2	-15.15
42619	2	TRUE	8	-362.27
42620	3	TRUE	5	-202.37
42621	4	TRUE	7	63.34
42622	5	TRUE	2	-72
42623	6	FALSE	4	-53.84
42624	7	FALSE	6	-195.24
42625	1	TRUE	5	-104.54
42626	2	TRUE	6	-187.57
42627	3	TRUE	5	-128.46
42628	4	TRUE	3	-30.72
42629	5	TRUE	5	-101.4
42630	6	FALSE	7	-139.58
42631	7	FALSE	6	-182.57
42632	1	TRUE	1	-45
42633	2	TRUE	4	-59.83
42634	3	TRUE	3	-26.08
42635	4	TRUE	5	-102.24
42636	5	TRUE	8	-105.51
42637	6	FALSE	2	-13
42638	7	FALSE	7	-202.15
42639	1	TRUE	3	-61.81
42640	2	TRUE	3	-27.13
42641	3	TRUE	3	-36.59
42642	4	TRUE	2	-19
42643	5	TRUE	8	-117.96
42644	6	FALSE	4	-38.22
42645	7	FALSE	5	-121.3
42646	1	TRUE	5	-274.32
42647	2	TRUE	3	-64.97
42648	3	TRUE	4	-279
42649	4	TRUE	1	-12.99
42650	5	TRUE	9	-79.5
42651	6	FALSE	8	-196.06
42652	7	FALSE	6	-169.93
42653	1	TRUE	2	-8.75
42654	2	TRUE	5	-40.04
42655	3	TRUE	3	-36.16
42656	4	TRUE	7	-148.26
42657	5	TRUE	2	-141.24
42658	6	FALSE	4	-38.42
42659	7	FALSE	3	-140.67
42660	1	TRUE	2	-12.49
42661	2	TRUE	1	-7.41
42662	3	TRUE	2	-49.48
42663	4	TRUE	1	-20
42664	5	TRUE	4	-126.2
42665	6	FALSE	2	-35.65
42666	7	FALSE	5	-133.34
42667	1	TRUE	3	-80.5
42668	2	TRUE	1	-24.73
42669	3	TRUE	5	-212.24
42670	4	TRUE	4	-38.37
42671	5	TRUE	3	-162.04
42672	6	FALSE	2	-18.22
42673	7	FALSE	9	-146.84
42674	1	TRUE	3	-37.93
42675	2	TRUE	3	-16.99
42676	3	TRUE	7	-105.92
42677	4	TRUE	2	-21.81
42678	5	TRUE	5	-60.97
42679	6	FALSE	5	-119.75
42680	7	FALSE	6	-170.59
42681	1	TRUE	3	-16.39
42682	2	TRUE	7	-130.27
42683	3	TRUE	2	-21.23
42684	4	TRUE	3	-33.4
42685	5	TRUE	7	-105.33
42686	6	FALSE	3	-60.19
42687	7	FALSE	4	-139.75
42688	1	TRUE	2	-107.82
42689	2	TRUE	1	0
42690	3	TRUE	3	-158.67
42691	4	TRUE	3	-67.66
42692	5	TRUE	4	-155.93
42693	6	FALSE	7	-245.07
42694	7	FALSE	2	-67.86
42695	1	TRUE	2	-106.81
42696	2	TRUE	6	-110.89
42697	3	TRUE	2	-39
42698	4	TRUE	1	0
42699	5	TRUE	5	-182.51
42700	6	FALSE	6	-123.37
42701	7	FALSE	2	-81.5
42702	1	TRUE	6	-38.43
42703	2	TRUE	4	-107.51
42704	3	TRUE	2	-37.71
42705	4	TRUE	3	-36.9
42706	5	TRUE	2	-150
42707	6	FALSE	5	-191.43
42708	7	FALSE	5	-151.81
42709	1	TRUE	5	-255.92
42710	2	TRUE	5	-69.5
42711	3	TRUE	1	0
42712	4	TRUE	2	-31.53
42713	5	TRUE	2	-25
42714	6	FALSE	5	-88.31
42715	7	FALSE	2	-5.98
42716	1	TRUE	1	0
42717	2	TRUE	2	-39.76
42718	3	TRUE	5	-108.5
42719	4	TRUE	3	-21.28
42720	5	TRUE	1	0
42721	6	FALSE	2	-164.1
42722	7	FALSE	1	0
42723	1	TRUE	2	-184.62
42724	2	TRUE	4	-54.92
42725	3	TRUE	2	-130.95
42726	4	TRUE	10	-316.06
42727	5	TRUE	5	-38.99
42728	6	FALSE	1	0
42729	7	FALSE	1	0
42730	1	TRUE	2	-21.81
42731	2	TRUE	2	-63.94
42732	3	TRUE	3	-38.96
42733	4	TRUE	7	-188.91
42734	5	TRUE	5	-80.37
42735	6	FALSE	7	-183.79
42736	7	FALSE	3	-57.99
42737	1	TRUE	8	-231.3
42738	2	TRUE	5	-206.96
42739	3	TRUE	8	-170.18
42740	4	TRUE	10	-205.44
42741	5	TRUE	8	-195.88
42742	6	FALSE	4	-66.93
42743	7	FALSE	1	0
42744	1	TRUE	3	-5.59
42745	2	TRUE	1	-6.08
42746	3	TRUE	1	-6.08
42747	4	TRUE	4	-71.86
42748	5	TRUE	2	-12.49
42749	6	FALSE	2	-10.53
42750	7	FALSE	2	-66.89
42751	1	TRUE	10	-135.44
42752	2	TRUE	3	-58.02
42753	3	TRUE	2	-18.26
42754	4	TRUE	4	-239.63
42755	5	TRUE	3	-26.52
42756	6	FALSE	3	-80.72
42757	7	FALSE	4	-119.26
42758	1	TRUE	5	-74.04
42759	2	TRUE	5	-72.37
42760	3	TRUE	4	-81.31
42761	4	TRUE	1	-8.14
42762	5	TRUE	1	-8.46
42763	6	FALSE	5	-142.46
42764	7	FALSE	8	-118.74
42765	1	TRUE	4	-36.12
42766	2	TRUE	1	-5.75
42767	3	TRUE	7	-288.81
42768	4	TRUE	1	-23.73
42769	5	TRUE	4	-62.27
42770	6	FALSE	3	-44.43
42771	7	FALSE	7	-114.79
42772	1	TRUE	3	-32.49
42773	2	TRUE	4	-90.58
42774	3	TRUE	5	-76.16
42775	4	TRUE	4	-63.58
42776	5	TRUE	3	-95.88
42777	6	FALSE	4	-26.57
42778	7	FALSE	1	0
42779	1	TRUE	1	-42.97
42780	2	TRUE	1	-29.86
42781	3	TRUE	2	-23.4
42782	4	TRUE	2	-121.8
42783	5	TRUE	4	-424.19
42784	6	FALSE	5	-45.32
42785	7	FALSE	1	-23.1
42786	1	TRUE	6	77.36
42787	2	TRUE	2	-112.84
42788	3	TRUE	2	-68.3
42789	4	TRUE	6	-124.03
42790	5	TRUE	4	-141.43
42791	6	FALSE	9	-508.88
42792	7	FALSE	3	-96.19
42793	1	TRUE	5	-229.38
42794	2	TRUE	9	-453.16
42795	3	TRUE	6	-297.18
42796	4	TRUE	2	-176.7
42797	5	TRUE	3	-126.13
42798	6	FALSE	3	-303.75
42799	7	FALSE	5	-206.04
42800	1	TRUE	2	-22.99
42801	2	TRUE	1	-111.59
42802	3	TRUE	1	0
42803	4	TRUE	2	-18.96
42804	5	TRUE	1	-105
42805	6	FALSE	13	-279.74
42806	7	FALSE	1	-82.96
42807	1	TRUE	1	0
42808	2	TRUE	1	0
42809	3	TRUE	2	-111.93
42810	4	TRUE	1	0
42811	5	TRUE	1	0
42812	6	FALSE	6	-141.07
42813	7	FALSE	4	-131.73
42814	1	TRUE	1	-38.78
42815	2	TRUE	1	-28.31
42816	3	TRUE	1	-75.01
42817	4	TRUE	1	0
42818	5	TRUE	4	-53.76
42819	6	FALSE	6	-212.37
42820	7	FALSE	3	-139.26
42821	1	TRUE	1	-34.06
42822	2	TRUE	2	-29.75
42823	3	TRUE	2	-17.3
42824	4	TRUE	1	-12.69
42825	5	TRUE	8	-348.47
42826	6	FALSE	7	-146.01
42827	7	FALSE	5	-50.85
42828	1	TRUE	1	-10
42829	2	TRUE	1	-17
42830	3	TRUE	1	0
42831	4	TRUE	5	-226.88
42832	5	TRUE	2	-21.63
42833	6	FALSE	4	-148.37
42834	7	FALSE	2	-160.6
42835	1	TRUE	4	-77.29
42836	2	TRUE	2	-63.95
42837	3	TRUE	2	-68.55
42838	4	TRUE	4	-95.6
42839	5	TRUE	2	-28.1
42840	6	FALSE	10	-155.57
42841	7	FALSE	9	-167.95
42842	1	TRUE	10	-93.56
42843	2	TRUE	4	-171.71
42844	3	TRUE	4	-59.48
42845	4	TRUE	5	-87.25
42846	5	TRUE	11	-226.51
42847	6	FALSE	9	-296.39
42848	7	FALSE	4	-100.65
42849	1	TRUE	11	-133.81
42850	2	TRUE	4	-65.38
42851	3	TRUE	7	-208.98
42852	4	TRUE	11	-305.82
42853	5	TRUE	4	-212.78
42854	6	FALSE	7	-167.17
42855	7	FALSE	3	-129.59
42856	1	TRUE	7	-228.91
42857	2	TRUE	2	-8.55
42858	3	TRUE	3	-144.45
42859	4	TRUE	5	-55.35
42860	5	TRUE	1	-28.85
42861	6	FALSE	7	-243.38
42862	7	FALSE	4	-110.75
42863	1	TRUE	6	-61.32
42864	2	TRUE	3	-34.26
42865	3	TRUE	3	-30.09
42866	4	TRUE	2	-7.77
42867	5	TRUE	6	-57.96
42868	6	FALSE	5	-221.13
42869	7	FALSE	1	-50.93
42870	1	TRUE	1	-6.25
42871	2	TRUE	2	-17.47
42872	3	TRUE	2	-13.35
42873	4	TRUE	5	-94.54
42874	5	TRUE	2	-26.8
42875	6	FALSE	5	-276.74
42876	7	FALSE	3	-119.73
42877	1	TRUE	2	-15.75
42878	2	TRUE	3	-28.3
42879	3	TRUE	4	-60.53
42880	4	TRUE	1	-7.05
42881	5	TRUE	4	-243.29
42882	6	FALSE	8	-274.63
42883	7	FALSE	5	-267.91
42884	1	TRUE	6	-83.32
42885	2	TRUE	6	-20.17
42886	3	TRUE	2	-94.66
42887	4	TRUE	3	-13.43
42888	5	TRUE	1	-94.4
42889	6	FALSE	1	-48.1
42890	7	FALSE	5	-85.29
42891	1	TRUE	3	-131.12
42892	2	TRUE	1	-43.5
42893	3	TRUE	1	-23.09
42894	4	TRUE	3	-91.82
42895	5	TRUE	3	-72.24
42896	6	FALSE	4	-96.74
42897	7	FALSE	6	-347.92
42898	1	TRUE	6	-81.44
42899	2	TRUE	1	0
42900	3	TRUE	2	-8.11
42901	4	TRUE	1	-9.29
42902	5	TRUE	6	-95.67
42903	6	FALSE	5	-148.65
42904	7	FALSE	9	-190.32
42905	1	TRUE	3	-39.26
42906	2	TRUE	4	-99.27
42907	3	TRUE	2	-21.27
42908	4	TRUE	2	-47.99
42909	5	TRUE	4	-86.59
42910	6	FALSE	11	-271.36
42911	7	FALSE	2	-13.49
42912	1	TRUE	4	-105.16
42913	2	TRUE	3	-68.73
42914	3	TRUE	4	-259.09
42915	4	TRUE	3	-36.28
42916	5	TRUE	7	-143.83
42917	6	FALSE	9	-301.66
42918	7	FALSE	5	-280.45
42919	1	TRUE	2	-33.81
42920	2	TRUE	3	-64.88
42921	3	TRUE	6	-157.12
42922	4	TRUE	7	-128.77
42923	5	TRUE	4	-36.32
42924	6	FALSE	5	-171.04
42925	7	FALSE	4	-70
42926	1	TRUE	4	-95.33
42927	2	TRUE	5	-90.53
42928	3	TRUE	4	-46.98
42929	4	TRUE	3	-29.02
42930	5	TRUE	6	-36.81
42931	6	FALSE	6	-261.71
42932	7	FALSE	9	-188.97
42933	1	TRUE	4	-38.8
42934	2	TRUE	2	-44.02
42935	3	TRUE	1	0
42936	4	TRUE	1	0
42937	5	TRUE	3	-206.8
42938	6	FALSE	3	-28.77
42939	7	FALSE	4	-66.96
42940	1	TRUE	1	-62
42941	2	TRUE	1	-29
42942	3	TRUE	1	0
42943	4	TRUE	5	-145.1
42944	5	TRUE	5	-63.37
42945	6	FALSE	4	-205.84
42946	7	FALSE	6	-137.14
42947	1	TRUE	3	-42.35
42948	2	TRUE	2	-10.2
42949	3	TRUE	2	-33.95
42950	4	TRUE	9	-283.68
42951	5	TRUE	4	-224.14
42952	6	FALSE	8	-589.3
42953	7	FALSE	3	-38.16
42954	1	TRUE	3	-57.53
42955	2	TRUE	1	-5.66
42956	3	TRUE	5	-46.13
42957	4	TRUE	4	-69.58
42958	5	TRUE	2	-28.31
42959	6	FALSE	6	-150.33
42960	7	FALSE	8	-152.17
42961	1	TRUE	2	-11.01
42962	2	TRUE	6	-83.22
42963	3	TRUE	1	-8.34
42964	4	TRUE	3	-28.79
42965	5	TRUE	3	-62.83
42966	6	FALSE	7	-100.49
42967	7	FALSE	3	-24.55
42968	1	TRUE	3	-76.53
42969	2	TRUE	2	-42.45
42970	3	TRUE	1	0
42971	4	TRUE	5	-157.64
42972	5	TRUE	7	-268.41
42973	6	FALSE	6	-137.31
42974	7	FALSE	1	-32.46
42975	1	TRUE	1	-13.36
42976	2	TRUE	2	-31.8
42977	3	TRUE	2	-24
42978	4	TRUE	3	-81.23
42979	5	TRUE	3	-87.97
42980	6	FALSE	10	-191.31
42981	7	FALSE	3	-185.05
42982	1	TRUE	3	-150.51
42983	2	TRUE	4	-36.45
42984	3	TRUE	2	-22.28
42985	4	TRUE	2	-18.65
42986	5	TRUE	2	-96.41
42987	6	FALSE	4	-160.7
42988	7	FALSE	2	-54.36
42989	1	TRUE	2	-5.5
42990	2	TRUE	3	-30.22
42991	3	TRUE	7	-185.82
42992	4	TRUE	4	-17.31
42993	5	TRUE	1	0
42994	6	FALSE	1	-61.51
42995	7	FALSE	2	-84.74
42996	1	TRUE	10	-113.82
42997	2	TRUE	3	-83.53
42998	3	TRUE	4	-88.14
42999	4	TRUE	3	-47.91
43000	5	TRUE	6	-78.42
43001	6	FALSE	8	-143.79
43002	7	FALSE	6	-155.67
43003	1	TRUE	2	-26.22
43004	2	TRUE	2	-22.29
43005	3	TRUE	2	-17
43006	4	TRUE	1	-12.99
43007	5	TRUE	2	-38
43008	6	FALSE	5	-173.96
43009	7	FALSE	7	-191.47
43010	1	TRUE	5	-76.53
43011	2	TRUE	2	-24.4
43012	3	TRUE	2	-16.83
43013	4	TRUE	7	-65.6
43014	5	TRUE	7	-251.66
43015	6	FALSE	6	-311.84
43016	7	FALSE	5	-142.27
43017	1	TRUE	5	-145.75
43018	2	TRUE	4	-60.29
43019	3	TRUE	3	-112.13
43020	4	TRUE	4	-193.56
43021	5	TRUE	3	-126.05
43022	6	FALSE	5	-198.06
43023	7	FALSE	8	-170.64
43024	1	TRUE	10	-178.84
43025	2	TRUE	7	-116.52
43026	3	TRUE	6	-63.28
43027	4	TRUE	8	-196.06
43028	5	TRUE	11	-208.74
43029	6	FALSE	1	-19.99
43030	7	FALSE	9	-109.1
43031	1	TRUE	2	-43.71
43032	2	TRUE	3	-116.65
43033	3	TRUE	5	-45.91
43034	4	TRUE	3	-88.33
43035	5	TRUE	1	-9.99
43036	6	FALSE	1	-12.64
43037	7	FALSE	2	-96.49
43038	1	TRUE	2	-32.98
43039	2	TRUE	5	-136.19
43040	3	TRUE	1	-2.99
43041	4	TRUE	5	-104.77
43042	5	TRUE	7	-175.2
43043	6	FALSE	1	33.74
43044	7	FALSE	7	-244.16
43045	1	TRUE	4	-160.44
43046	2	TRUE	1	-16.02
43047	3	TRUE	1	-53.32
43048	4	TRUE	1	0
43049	5	TRUE	1	-50.76
43050	6	FALSE	4	-194.56
43051	7	FALSE	6	-208.74
43052	1	TRUE	6	-165.58
43053	2	TRUE	2	-111.68
43054	3	TRUE	1	0
43055	4	TRUE	1	-35
43056	5	TRUE	2	-104.23
43057	6	FALSE	3	-131.94
43058	7	FALSE	3	-36.96
43059	1	TRUE	1	-7.7
43060	2	TRUE	2	-10.04
43061	3	TRUE	3	-231.73
43062	4	TRUE	1	0
43063	5	TRUE	1	-35.62
43064	6	FALSE	2	-161.98
43065	7	FALSE	5	-165.01
43066	1	TRUE	4	-71.8
43067	2	TRUE	5	-122.34
43068	3	TRUE	3	-115.38
43069	4	TRUE	4	-90.58
43070	5	TRUE	3	-57.4
43071	6	FALSE	3	-121.54
43072	7	FALSE	4	-125.03
43073	1	TRUE	6	-86.99
43074	2	TRUE	3	-34.1
43075	3	TRUE	2	-21.62
43076	4	TRUE	5	-94.31
43077	5	TRUE	11	-140.63
43078	6	FALSE	15	-211.74
43079	7	FALSE	7	-130.83
43080	1	TRUE	7	-155.11
43081	2	TRUE	6	-77.95
43082	3	TRUE	3	-54.09
43083	4	TRUE	4	-60.31
43084	5	TRUE	3	-50.67
43085	6	FALSE	6	-110.5
43086	7	FALSE	6	-399.67
43087	1	TRUE	11	-151.57
43088	2	TRUE	1	0
43089	3	TRUE	1	0
43090	4	TRUE	3	-24.5
43091	5	TRUE	1	-35.92
43092	6	FALSE	4	-37.73
43093	7	FALSE	1	-53.59
43094	1	TRUE	1	0
43095	2	TRUE	1	0
43096	3	TRUE	1	0
43097	4	TRUE	2	-111.57
43098	5	TRUE	4	-167.12
43099	6	FALSE	1	0
43100	7	FALSE	1	0
43101	1	TRUE	1	-2.99
43102	2	TRUE	1	-23.21
43103	3	TRUE	2	-13.38
43104	4	TRUE	1	0
43105	5	TRUE	2	-55.92
43106	6	FALSE	4	-21.05
43107	7	FALSE	2	-6
43108	1	TRUE	5	-76.51
43109	2	TRUE	5	-29.97
43110	3	TRUE	3	-29.36
43111	4	TRUE	7	-106.59
43112	5	TRUE	3	-97.85
43113	6	FALSE	3	-44.06
43114	7	FALSE	1	-4.53
43115	1	TRUE	4	-92.02
43116	2	TRUE	1	-63.1
43117	3	TRUE	2	-23.79
43118	4	TRUE	6	-87.16
43119	5	TRUE	1	-2.7
43120	6	FALSE	4	-213.86
43121	7	FALSE	2	-66.91
43122	1	TRUE	1	-69.37
43123	2	TRUE	1	0
43124	3	TRUE	2	-24.47
43125	4	TRUE	1	0
43126	5	TRUE	3	-38.57
43127	6	FALSE	5	-391.23
43128	7	FALSE	1	0
43129	1	TRUE	3	-29.06
43130	2	TRUE	4	-53.26
43131	3	TRUE	4	-23.06
43132	4	TRUE	10	-255.93
43133	5	TRUE	5	-81.34
43134	6	FALSE	5	-366.82
43135	7	FALSE	1	0
43136	1	TRUE	1	0
43137	2	TRUE	1	-12.99
43138	3	TRUE	2	-17.3
43139	4	TRUE	3	-212.34
43140	5	TRUE	1	-219.93
43141	6	FALSE	1	-130.32
43142	7	FALSE	1	-69.03
43143	1	TRUE	2	-22.82
43144	2	TRUE	2	-20.17
43145	3	TRUE	2	-12.64
43146	4	TRUE	4	-79.72
43147	5	TRUE	2	-18.03
43148	6	FALSE	2	-90.53
43149	7	FALSE	3	-42.21
43150	1	TRUE	1	0
43151	2	TRUE	2	-53.31
43152	3	TRUE	2	-11.91
43153	4	TRUE	3	-51.58
43154	5	TRUE	1	-36.78
43155	6	FALSE	2	-157.61
43156	7	FALSE	2	-44.92
43157	1	TRUE	2	-45.3
43158	2	TRUE	2	-47.54
43159	3	TRUE	2	-20.66
43160	4	TRUE	6	-65.97
43161	5	TRUE	2	-171.3
43162	6	FALSE	2	-65.76
43163	7	FALSE	1	-100
43164	1	TRUE	2	-72.69
43165	2	TRUE	2	-18.96
43166	3	TRUE	2	-93.15
43167	4	TRUE	1	0
43168	5	TRUE	1	-125.94
43169	6	FALSE	1	0
43170	7	FALSE	1	0
43171	1	TRUE	1	0
43172	2	TRUE	1	0
43173	3	TRUE	1	0
43174	4	TRUE	1	0
43175	5	TRUE	3	-6.43
43176	6	FALSE	5	-140.67
43177	7	FALSE	1	-1.04
43178	1	TRUE	1	-15.98
43179	2	TRUE	1	0
43180	3	TRUE	1	0
43181	4	TRUE	1	0
43182	5	TRUE	1	0
43183	6	FALSE	1	0
43184	7	FALSE	1	0
43185	1	TRUE	1	-49.82
43186	2	TRUE	1	0
43187	3	TRUE	1	0
43188	4	TRUE	1	0
43189	5	TRUE	1	-12.99
43190	6	FALSE	1	0
43191	7	FALSE	2	-81.66
43192	1	TRUE	1	0
43193	2	TRUE	1	-12.74
43194	3	TRUE	1	0
43195	4	TRUE	1	0
43196	5	TRUE	4	-157.12
43197	6	FALSE	4	-66.01
43198	7	FALSE	8	-205
43199	1	TRUE	1	0
43200	2	TRUE	1	0
43201	3	TRUE	1	0
43202	4	TRUE	1	0
43203	5	TRUE	1	0
43204	6	FALSE	2	-236.78
43205	7	FALSE	1	-56.66
43206	1	TRUE	1	0
43207	2	TRUE	1	0
43208	3	TRUE	1	0
43209	4	TRUE	1	-15.98
43210	5	TRUE	1	-86.45
43211	6	FALSE	2	-65.33
43212	7	FALSE	2	-62.61
43213	1	TRUE	1	0
43214	2	TRUE	2	-12.99
43215	3	TRUE	1	0
43216	4	TRUE	4	-104.07
43217	5	TRUE	5	-313.52
43218	6	FALSE	4	-193.8
43219	7	FALSE	4	-180.42
43220	1	TRUE	1	-9.67
43221	2	TRUE	1	0
43222	3	TRUE	3	-28.14
43223	4	TRUE	1	-11.97
43224	5	TRUE	1	0
43225	6	FALSE	1	-12.99
43226	7	FALSE	1	-44.03
43227	1	TRUE	3	-40.94
43228	2	TRUE	2	-12.1
43229	3	TRUE	2	-50.6
43230	4	TRUE	1	0
43231	5	TRUE	1	-75.66
43232	6	FALSE	1	-250.54
43233	7	FALSE	1	-105.23
43234	1	TRUE	1	0
43235	2	TRUE	1	0
43236	3	TRUE	2	-157.05
43237	4	TRUE	1	-32.9
43238	5	TRUE	1	0
43239	6	FALSE	1	-15.98
43240	7	FALSE	1	0
43241	1	TRUE	1	0
43242	2	TRUE	1	0
43243	3	TRUE	1	-121.26
43244	4	TRUE	1	0
43245	5	TRUE	1	0
43246	6	FALSE	1	-40.94
43247	7	FALSE	1	-126.22
43248	1	TRUE	1	0
43249	2	TRUE	1	-69.55
43250	3	TRUE	1	0
43251	4	TRUE	3	-154.14
43252	5	TRUE	1	-16.26
43253	6	FALSE	5	-283.73
43254	7	FALSE	2	-19.12
43255	1	TRUE	2	-158.47
43256	2	TRUE	9	-476.89
43257	3	TRUE	7	-147.75
43258	4	TRUE	7	-574.2
43259	5	TRUE	12	-349.93
43260	6	FALSE	10	-267.54
43261	7	FALSE	8	-212.15
43262	1	TRUE	1	0
43263	2	TRUE	2	-111.32
43264	3	TRUE	1	-51.18
43265	4	TRUE	1	0
43266	5	TRUE	1	0
43267	6	FALSE	3	-60.22
43268	7	FALSE	1	18.1
43269	1	TRUE	1	0
43270	2	TRUE	1	-15.98
43271	3	TRUE	1	0
43272	4	TRUE	1	-35.35
43273	5	TRUE	2	-107.13
43274	6	FALSE	4	-72.15
43275	7	FALSE	1	0
43276	1	TRUE	1	0
43277	2	TRUE	1	-51.75
43278	3	TRUE	1	-42.25
43279	4	TRUE	1	0
43280	5	TRUE	1	-12.99
43281	6	FALSE	1	-106.04
43282	7	FALSE	1	-2.99
43283	1	TRUE	1	-7.67
43284	2	TRUE	1	-12.02
43285	3	TRUE	1	0
43286	4	TRUE	1	-129.43
43287	5	TRUE	4	-135.7
43288	6	FALSE	2	-212.9
43289	7	FALSE	1	0
43290	1	TRUE	2	-81.8
43291	2	TRUE	2	-161.38